5
16
3296
6473
338144
92044
872828
68398
9187
1006
031
2624
120
084573
4561697
7932423
931
6647093
19
97978934
2986890560
411
5008124
61870
116266831
487992143
338
6829909799
823113493
826874
527377
728783
501662736
6518283921
5293933
106
3031
462846409
14
833835981
982
212995
654039
178852
58772
9068207112
81081980
150483
1381102483
49659911
129347548
8605671513
4922368
7
108
8786973
83823
82112
4170854
5405313
3231720
19
693208
840424289
71295
239118
4692642
6976306965
40336779
05931081
1325834292
174
4416
8565774
9304375
1487305
81955534
906853431
3726792111
169683
36862
